-0.05227172903056643
-0.1536760783395406
0.14963441938585115
-0.3966546546029995
-0.08450885419658759
-0.16645302822738658
-0.0768130889765505
2.2862501733542966
0.1321434288840764
-0.17208500116022749
-0.07782241400355767
-0.06980288752737415
-0.18009492110453687
-0.06355016430058244
0.05110657478469709
172
-0.020471349089623985
-0.14408084119622577
0.2262519599876393
-0.20687697812026992
-0.007109927040845681
0.03509860014274839
0.1602802000069203
0.04849586261094653
0.02332052825993814
0.031568337394129176
-0.20236846235221642
-0.21599671527745412
-0.16102450311030195
0.021787368150244228
-0.06710630382564889

-0.02084063002360037
-0.6045624386009015
-0.16238434642280788
0.012343929177560362
0.028310880680186123
-0.37935803421361686
-0.0008670138528437
2.1683753235946748
-0.1505201831887815
-0.1708849634528367
-0.5916773520419432
-0.12589200018636743
-0.11191814595660748
0.1133529597492808
-0.26290570625109844
4
-0.23915478816796057
0.0653245156610541
0.492890631259085
-0.04109040296316678
-0.0800577712989027
-0.1657908013492044
-0.12720670121226801
-0.3383141295303247
0.10133656451556887
-0.11619133600185642
-0.0004535157112797338
0.0645853620183573
-0.043742319071460964
-0.05771632422761162
0.20933582078622087

-0.38977405912599367
-0.6202645016106555
-0.15700293568951537
0.013100431172881668
0.2050966565174926
-0.6428888748186856
-0.31145434674786887
2.027900448409759
-0.038589521648004346
-0.26403556096995046
-0.5496919066274512
-0.05459069095652992
0.20787854650280682
-0.26852053464929704
-0.2117644560314022
92
-0.005838499447047597
0.049308032144570586
-0.010593969246792588
0.1048346119444061
-0.04512871976790957
-0.125284964773329
0.19828737586075637
0.04567475268121294
0.4290220981600067
-0.30938892272885465
-0.01506965595610383
-0.1591055828635326
-0.10539381353360656
-0.012753569590944109
-0.1073244990919212

0.08662681277148847
-0.21967742626396458
0.03879457183569316
-0.10625604903444777
-0.08176915177802023
0.031910600810443925
0.08964203634497177
1.7220768999630038
-0.010919019731585397
-0.13202321905093384
0.03559878547098966
0.06988238480175217
-0.053751422394173576
0.3819391123090948
-0.08941483830335685
195
0.15196890213314174
-0.1363389715793563
0.16576812201709906
-0.1253634867666622
-0.211105912851152
-0.0264060017728456
-0.07295482398468248
0.1276627796782543
0.24701680629696957
0.03175216092354092
0.02711969315632212
-0.10189882006243321
-0.041371662115005245
-0.13708519949949738
0.34864626662370385

0.06154871538347507
-0.1456024108427954
-0.2130772878921405
-0.5305341784780505
-0.057435263112541
-0.031021386388230193
-0.04332594409264466
1.7449374191013338
-0.1784475923181137
-0.14209399292261277
-0.0789918377489218
-0.09668304174626087
0.10133126612046717
0.033614861309259274
-0.11872997100005829
4
-0.08464474951830453
-0.11512789575289574
0.03342964216634419
-0.39452034883720943
-0.3891808252427187
0.17366974708171196
-0.019277534113060685
0.0314550781249999
0.4617404598825836
-0.11761029411764722
0.16294327111984275
0.07663877952755915
-0.03791543392504931
-0.2634461462450591
-0.03868193069306942

